lr_max: 0.002
loss_train: 0.041361508634798184
grad_max: 100.0
maxiters: 50000
n_epoch: 2500
lr_min: 1.0e-5
is_restart: false
lr_decay: 0.5
lr_decay_step: 500
nc: 1
expr_name: "5s8r1c-09"
nr: 8
n_plot: 10
ns: 6
lb: 1.0e-8
w_decay: 1.0e-8
loss_val: 0.04991526648035164
